The ATET is 3707.0
The ATET is 1.0
Descriptive Statistics:
--------------------------------------------------------------------------------
    na  null  unique  obs
0    0     0      12   13
1    0     0      13   13
2    0     0      13   13
3    0     0      13   13
4    0     0      13   13
..  ..   ...     ...  ...
74   0     0      13   13
75   0     0      13   13
76   0     0      13   13
77   0     0      13   13
78   0     0      13   13

[79 rows x 4 columns]
--------------------------------------------------------------------------------



Descriptive Statistics:
--------------------------------------------------------------------------------
    na  null  unique  obs
0    0     0      12   12
1    0     0      12   12
2    0     0      12   12
3    0     0      12   12
4    0     0      12   12
5    0     0      12   12
6    0     0      12   12
7    0     0      12   12
8    0     0      12   12
9    0     0      12   12
10   0     0      12   12
11   0     0      12   12
12   0     0      12   12
13   0     0      12   12
14   0     0      11   12
15   0     0      11   12
16   0     0      11   12
17   0     0      12   12
18   0     0      12   12
19   0     0      12   12
20   0     0      12   12
21   0     0      12   12
22   0     0      12   12
23   0     0      12   12
24   0     0      12   12
25   0     0      12   12
26   0     0      12   12
--------------------------------------------------------------------------------



Descriptive Statistics:
--------------------------------------------------------------------------------
    na  null  unique  obs
0    0     0      12   12
1    0     0      12   12
2    0     0      12   12
3    0     0      12   12
4    0     0      12   12
5    0     0      12   12
6    0     0      12   12
7    0     0      12   12
8    0     0      12   12
9    0     0      12   12
10   0     0      11   12
11   0     0      12   12
12   0     0      12   12
13   0     0      12   12
14   0     0      12   12
15   0     0      12   12
16   0     0      12   12
17   0     0      12   12
18   0     0      12   12
19   0     0      12   12
20   0     0      12   12
21   0     0      12   12
22   0     0      12   12
23   0     0      12   12
24   0     0      12   12
25   0     0      12   12
26   0     0      12   12
--------------------------------------------------------------------------------



